t	PopSize	m_Het	s2_Het	n_Het
0	100	9.950000e-01	2.125005e-13	5000
1	100	9.881752e-01	5.267393e-07	5000
2	100	9.807184e-01	3.365457e-06	5000
3	100	9.730306e-01	1.032245e-05	5000
4	100	9.653171e-01	2.224763e-05	5000
5	100	9.576444e-01	4.183619e-05	5000
6	100	9.500999e-01	6.715073e-05	5000
7	100	9.425910e-01	1.026176e-04	5000
8	100	9.349606e-01	1.533196e-04	5000
9	100	9.274554e-01	2.098072e-04	5000
10	100	9.200289e-01	2.764647e-04	5000
11	100	9.126870e-01	3.561732e-04	5000
12	100	9.055566e-01	4.601919e-04	5000
13	100	8.980724e-01	5.765776e-04	5000
14	100	8.910765e-01	7.069190e-04	5000
15	100	8.842920e-01	8.387002e-04	5000
16	100	8.770041e-01	9.946343e-04	5000
17	100	8.704397e-01	1.084669e-03	5000
18	100	8.635870e-01	1.260764e-03	5000
19	100	8.566954e-01	1.455696e-03	5000
20	100	8.499673e-01	1.687470e-03	5000
21	100	8.432820e-01	1.964387e-03	5000
22	100	8.363973e-01	2.257204e-03	5000
23	100	8.294656e-01	2.488749e-03	5000
24	100	8.223368e-01	2.826566e-03	5000
25	100	8.156110e-01	3.100944e-03	5000
26	100	8.092021e-01	3.347690e-03	5000
27	100	8.028129e-01	3.650703e-03	5000
28	100	7.964443e-01	3.968787e-03	5000
29	100	7.905826e-01	4.204541e-03	5000
30	100	7.840649e-01	4.543034e-03	5000
31	100	7.779982e-01	4.966396e-03	5000
32	100	7.715477e-01	5.379136e-03	5000
33	100	7.651329e-01	5.887062e-03	5000
34	100	7.590532e-01	6.254692e-03	5000
35	100	7.532922e-01	6.531320e-03	5000
36	100	7.479119e-01	6.949083e-03	5000
37	100	7.416802e-01	7.448316e-03	5000
38	100	7.358671e-01	7.911979e-03	5000
39	100	7.300080e-01	8.309200e-03	5000
40	100	7.245228e-01	8.633758e-03	5000
41	100	7.192067e-01	9.066401e-03	5000
42	100	7.135839e-01	9.422119e-03	5000
43	100	7.079320e-01	1.017052e-02	5000
44	100	7.024180e-01	1.051212e-02	5000
45	100	6.967030e-01	1.105097e-02	5000
46	100	6.915645e-01	1.155382e-02	5000
47	100	6.859385e-01	1.207895e-02	5000
48	100	6.813451e-01	1.233827e-02	5000
49	100	6.756162e-01	1.298289e-02	5000
50	100	6.703338e-01	1.351962e-02	5000
51	100	6.654329e-01	1.400073e-02	5000
52	100	6.602402e-01	1.425745e-02	5000
53	100	6.548164e-01	1.468588e-02	5000
54	100	6.498690e-01	1.507862e-02	5000
55	100	6.450892e-01	1.554958e-02	5000
56	100	6.401014e-01	1.593626e-02	5000
57	100	6.352300e-01	1.646144e-02	5000
58	100	6.293767e-01	1.695545e-02	5000
59	100	6.244088e-01	1.760481e-02	5000
60	100	6.198839e-01	1.794246e-02	5000
61	100	6.151577e-01	1.844482e-02	5000
62	100	6.106899e-01	1.893357e-02	5000
63	100	6.061190e-01	1.956133e-02	5000
64	100	6.013835e-01	2.018777e-02	5000
65	100	5.964790e-01	2.067608e-02	5000
66	100	5.922391e-01	2.115783e-02	5000
67	100	5.880660e-01	2.156442e-02	5000
68	100	5.828644e-01	2.242362e-02	5000
69	100	5.781873e-01	2.297365e-02	5000
70	100	5.736526e-01	2.354098e-02	5000
71	100	5.692285e-01	2.402559e-02	5000
72	100	5.648663e-01	2.458405e-02	5000
73	100	5.606534e-01	2.502494e-02	5000
74	100	5.559518e-01	2.550590e-02	5000
75	100	5.507751e-01	2.612454e-02	5000
76	100	5.464874e-01	2.677388e-02	5000
77	100	5.423926e-01	2.739301e-02	5000
78	100	5.376563e-01	2.801767e-02	5000
79	100	5.335352e-01	2.843655e-02	5000
80	100	5.292341e-01	2.902190e-02	5000
81	100	5.254034e-01	2.940594e-02	5000
82	100	5.213854e-01	2.980250e-02	5000
83	100	5.166891e-01	3.028715e-02	5000
84	100	5.120774e-01	3.092080e-02	5000
85	100	5.082002e-01	3.135398e-02	5000
86	100	5.039640e-01	3.166450e-02	5000
87	100	5.003965e-01	3.215061e-02	5000
88	100	4.963155e-01	3.247022e-02	5000
89	100	4.926983e-01	3.280273e-02	5000
90	100	4.884555e-01	3.336134e-02	5000
91	100	4.849332e-01	3.377687e-02	5000
92	100	4.810757e-01	3.410076e-02	5000
93	100	4.770478e-01	3.459014e-02	5000
94	100	4.735852e-01	3.499053e-02	5000
95	100	4.693770e-01	3.544017e-02	5000
96	100	4.659223e-01	3.586057e-02	5000
97	100	4.619298e-01	3.625374e-02	5000
98	100	4.579488e-01	3.683273e-02	5000
99	100	4.537993e-01	3.714369e-02	5000
100	100	4.502798e-01	3.756752e-02	5000
101	100	4.477436e-01	3.783013e-02	5000
102	100	4.447268e-01	3.810324e-02	5000
103	100	4.410863e-01	3.862016e-02	5000
104	100	4.373102e-01	3.922297e-02	5000
105	100	4.338908e-01	3.954715e-02	5000
106	100	4.304113e-01	3.997357e-02	5000
107	100	4.268319e-01	4.025243e-02	5000
108	100	4.236971e-01	4.050908e-02	5000
109	100	4.205221e-01	4.062583e-02	5000
110	100	4.171894e-01	4.105719e-02	5000
111	100	4.132603e-01	4.134227e-02	5000
112	100	4.102239e-01	4.160595e-02	5000
113	100	4.083327e-01	4.181376e-02	5000
114	100	4.047933e-01	4.211283e-02	5000
115	100	4.017194e-01	4.225431e-02	5000
116	100	3.989723e-01	4.241998e-02	5000
117	100	3.960000e-01	4.264707e-02	5000
118	100	3.931941e-01	4.294050e-02	5000
119	100	3.909980e-01	4.319977e-02	5000
120	100	3.876160e-01	4.341385e-02	5000
121	100	3.840734e-01	4.369871e-02	5000
122	100	3.812805e-01	4.402015e-02	5000
123	100	3.783954e-01	4.409652e-02	5000
124	100	3.757695e-01	4.450083e-02	5000
125	100	3.732343e-01	4.470182e-02	5000
126	100	3.703695e-01	4.503056e-02	5000
127	100	3.676312e-01	4.496554e-02	5000
128	100	3.643736e-01	4.509269e-02	5000
129	100	3.615688e-01	4.525112e-02	5000
130	100	3.579711e-01	4.534134e-02	5000
131	100	3.540847e-01	4.534247e-02	5000
132	100	3.507744e-01	4.549335e-02	5000
133	100	3.487424e-01	4.551087e-02	5000
134	100	3.464106e-01	4.570374e-02	5000
135	100	3.440686e-01	4.602718e-02	5000
136	100	3.413551e-01	4.606074e-02	5000
137	100	3.388886e-01	4.623016e-02	5000
138	100	3.360602e-01	4.653879e-02	5000
139	100	3.329313e-01	4.654013e-02	5000
140	100	3.306036e-01	4.659972e-02	5000
141	100	3.281277e-01	4.675796e-02	5000
142	100	3.250923e-01	4.703601e-02	5000
143	100	3.226992e-01	4.702185e-02	5000
144	100	3.200575e-01	4.711216e-02	5000
145	100	3.175776e-01	4.719022e-02	5000
146	100	3.143932e-01	4.715155e-02	5000
147	100	3.112109e-01	4.711638e-02	5000
148	100	3.079940e-01	4.724703e-02	5000
149	100	3.050867e-01	4.720589e-02	5000
150	100	3.028651e-01	4.717030e-02	5000
151	100	3.008568e-01	4.727719e-02	5000
152	100	2.975753e-01	4.732571e-02	5000
153	100	2.951454e-01	4.734745e-02	5000
154	100	2.926995e-01	4.735529e-02	5000
155	100	2.903179e-01	4.741667e-02	5000
156	100	2.871490e-01	4.725498e-02	5000
157	100	2.848041e-01	4.735633e-02	5000
158	100	2.823448e-01	4.740715e-02	5000
159	100	2.793289e-01	4.742700e-02	5000
160	100	2.764728e-01	4.720386e-02	5000
161	100	2.742155e-01	4.734645e-02	5000
162	100	2.719642e-01	4.741915e-02	5000
163	100	2.700697e-01	4.741596e-02	5000
164	100	2.677816e-01	4.738143e-02	5000
165	100	2.654827e-01	4.753373e-02	5000
166	100	2.637273e-01	4.758991e-02	5000
167	100	2.622644e-01	4.761071e-02	5000
168	100	2.605263e-01	4.770533e-02	5000
169	100	2.587960e-01	4.770874e-02	5000
170	100	2.557337e-01	4.741749e-02	5000
171	100	2.528937e-01	4.734230e-02	5000
172	100	2.507204e-01	4.716728e-02	5000
173	100	2.491167e-01	4.721918e-02	5000
174	100	2.475990e-01	4.722428e-02	5000
175	100	2.458035e-01	4.706698e-02	5000
176	100	2.432008e-01	4.696028e-02	5000
177	100	2.414485e-01	4.676196e-02	5000
178	100	2.401138e-01	4.680050e-02	5000
179	100	2.384758e-01	4.665970e-02	5000
180	100	2.359042e-01	4.643933e-02	5000
181	100	2.342434e-01	4.632349e-02	5000
182	100	2.321733e-01	4.638151e-02	5000
183	100	2.295324e-01	4.614162e-02	5000
184	100	2.274273e-01	4.608354e-02	5000
185	100	2.257642e-01	4.608233e-02	5000
186	100	2.240958e-01	4.606571e-02	5000
187	100	2.222939e-01	4.608183e-02	5000
188	100	2.202681e-01	4.608600e-02	5000
189	100	2.186772e-01	4.600296e-02	5000
190	100	2.168652e-01	4.584118e-02	5000
191	100	2.146158e-01	4.564677e-02	5000
192	100	2.134707e-01	4.563112e-02	5000
193	100	2.119236e-01	4.554604e-02	5000
194	100	2.104502e-01	4.547125e-02	5000
195	100	2.080006e-01	4.517336e-02	5000
196	100	2.063015e-01	4.512093e-02	5000
197	100	2.051500e-01	4.510250e-02	5000
198	100	2.033561e-01	4.500265e-02	5000
199	100	2.018594e-01	4.498019e-02	5000
200	100	1.999958e-01	4.491201e-02	5000
201	100	1.984711e-01	4.476063e-02	5000
202	100	1.968460e-01	4.449877e-02	5000
203	100	1.952785e-01	4.430396e-02	5000
204	100	1.941078e-01	4.409112e-02	5000
205	100	1.923539e-01	4.377205e-02	5000
206	100	1.914414e-01	4.395093e-02	5000
207	100	1.901704e-01	4.381021e-02	5000
208	100	1.889772e-01	4.388673e-02	5000
209	100	1.868935e-01	4.351332e-02	5000
210	100	1.853316e-01	4.347908e-02	5000
211	100	1.839642e-01	4.339315e-02	5000
212	100	1.828808e-01	4.334268e-02	5000
213	100	1.813751e-01	4.327014e-02	5000
214	100	1.798869e-01	4.311053e-02	5000
215	100	1.785440e-01	4.286434e-02	5000
216	100	1.772387e-01	4.277169e-02	5000
217	100	1.757964e-01	4.270578e-02	5000
218	100	1.742107e-01	4.247034e-02	5000
219	100	1.730584e-01	4.231675e-02	5000
220	100	1.715982e-01	4.196004e-02	5000
221	100	1.695488e-01	4.162411e-02	5000
222	100	1.679514e-01	4.152274e-02	5000
223	100	1.668045e-01	4.150752e-02	5000
224	100	1.655842e-01	4.150661e-02	5000
225	100	1.642882e-01	4.120483e-02	5000
226	100	1.634947e-01	4.124379e-02	5000
227	100	1.618308e-01	4.104871e-02	5000
228	100	1.600145e-01	4.073673e-02	5000
229	100	1.586265e-01	4.044901e-02	5000
230	100	1.570634e-01	4.010034e-02	5000
231	100	1.557734e-01	3.996160e-02	5000
232	100	1.540350e-01	3.965308e-02	5000
233	100	1.528285e-01	3.955692e-02	5000
234	100	1.509003e-01	3.907485e-02	5000
235	100	1.502745e-01	3.903359e-02	5000
236	100	1.483871e-01	3.863265e-02	5000
237	100	1.468158e-01	3.833491e-02	5000
238	100	1.455903e-01	3.811311e-02	5000
239	100	1.447273e-01	3.794526e-02	5000
240	100	1.440913e-01	3.795823e-02	5000
241	100	1.425643e-01	3.777668e-02	5000
242	100	1.414925e-01	3.758506e-02	5000
243	100	1.409368e-01	3.772147e-02	5000
244	100	1.396075e-01	3.750883e-02	5000
245	100	1.389261e-01	3.756792e-02	5000
246	100	1.377555e-01	3.730807e-02	5000
247	100	1.363800e-01	3.706405e-02	5000
248	100	1.350933e-01	3.689431e-02	5000
249	100	1.338306e-01	3.668688e-02	5000
250	100	1.325508e-01	3.656837e-02	5000
251	100	1.319498e-01	3.649750e-02	5000
252	100	1.304824e-01	3.612981e-02	5000
253	100	1.297550e-01	3.615800e-02	5000
254	100	1.284668e-01	3.590145e-02	5000
255	100	1.275223e-01	3.563564e-02	5000
256	100	1.265516e-01	3.553025e-02	5000
257	100	1.255778e-01	3.540725e-02	5000
258	100	1.248194e-01	3.520548e-02	5000
259	100	1.242089e-01	3.526974e-02	5000
260	100	1.232135e-01	3.511057e-02	5000
261	100	1.223536e-01	3.514041e-02	5000
262	100	1.211126e-01	3.494629e-02	5000
263	100	1.202347e-01	3.476517e-02	5000
264	100	1.192069e-01	3.451815e-02	5000
265	100	1.185293e-01	3.446689e-02	5000
266	100	1.178082e-01	3.433304e-02	5000
267	100	1.174397e-01	3.427682e-02	5000
268	100	1.168680e-01	3.419425e-02	5000
269	100	1.156452e-01	3.390149e-02	5000
270	100	1.146228e-01	3.375957e-02	5000
271	100	1.136517e-01	3.360854e-02	5000
272	100	1.126048e-01	3.337823e-02	5000
273	100	1.117087e-01	3.307591e-02	5000
274	100	1.108850e-01	3.295687e-02	5000
275	100	1.101076e-01	3.282547e-02	5000
276	100	1.084447e-01	3.237155e-02	5000
277	100	1.077958e-01	3.220839e-02	5000
278	100	1.073101e-01	3.214202e-02	5000
279	100	1.067060e-01	3.209740e-02	5000
280	100	1.056774e-01	3.189190e-02	5000
281	100	1.048864e-01	3.168390e-02	5000
282	100	1.038250e-01	3.141698e-02	5000
283	100	1.028454e-01	3.124473e-02	5000
284	100	1.020873e-01	3.106803e-02	5000
285	100	1.008953e-01	3.071568e-02	5000
286	100	1.002233e-01	3.050234e-02	5000
287	100	1.000558e-01	3.052031e-02	5000
288	100	9.971261e-02	3.043652e-02	5000
289	100	9.855430e-02	3.008615e-02	5000
290	100	9.785160e-02	2.999967e-02	5000
291	100	9.720828e-02	2.993756e-02	5000
292	100	9.641914e-02	2.972002e-02	5000
293	100	9.580788e-02	2.954896e-02	5000
294	100	9.500299e-02	2.937088e-02	5000
295	100	9.444293e-02	2.929322e-02	5000
296	100	9.361150e-02	2.902020e-02	5000
297	100	9.242351e-02	2.881849e-02	5000
298	100	9.158199e-02	2.863644e-02	5000
299	100	9.090140e-02	2.843379e-02	5000
300	100	9.014195e-02	2.825280e-02	5000
301	100	8.941222e-02	2.808975e-02	5000
302	100	8.828550e-02	2.783692e-02	5000
303	100	8.766872e-02	2.777419e-02	5000
304	100	8.717902e-02	2.765249e-02	5000
305	100	8.637617e-02	2.744563e-02	5000
306	100	8.591167e-02	2.743760e-02	5000
307	100	8.504698e-02	2.718621e-02	5000
308	100	8.444124e-02	2.707449e-02	5000
309	100	8.365908e-02	2.684976e-02	5000
310	100	8.238070e-02	2.644595e-02	5000
311	100	8.171730e-02	2.626796e-02	5000
312	100	8.100142e-02	2.605106e-02	5000
313	100	8.037161e-02	2.590631e-02	5000
314	100	7.968025e-02	2.575821e-02	5000
315	100	7.903077e-02	2.560234e-02	5000
316	100	7.829058e-02	2.540462e-02	5000
317	100	7.753123e-02	2.518641e-02	5000
318	100	7.679194e-02	2.504070e-02	5000
319	100	7.592348e-02	2.475765e-02	5000
320	100	7.516544e-02	2.456400e-02	5000
321	100	7.465912e-02	2.445560e-02	5000
322	100	7.389910e-02	2.424825e-02	5000
323	100	7.333646e-02	2.410972e-02	5000
324	100	7.295267e-02	2.402434e-02	5000
325	100	7.258623e-02	2.382536e-02	5000
326	100	7.201820e-02	2.364821e-02	5000
327	100	7.154860e-02	2.354067e-02	5000
328	100	7.123888e-02	2.347440e-02	5000
329	100	7.109220e-02	2.350446e-02	5000
330	100	7.083368e-02	2.344352e-02	5000
331	100	7.022805e-02	2.332169e-02	5000
332	100	6.988852e-02	2.319666e-02	5000
333	100	6.891826e-02	2.290809e-02	5000
334	100	6.809557e-02	2.258680e-02	5000
335	100	6.746880e-02	2.237859e-02	5000
336	100	6.693183e-02	2.231846e-02	5000
337	100	6.644081e-02	2.222714e-02	5000
338	100	6.586927e-02	2.206395e-02	5000
339	100	6.478753e-02	2.171094e-02	5000
340	100	6.420785e-02	2.146472e-02	5000
341	100	6.362047e-02	2.134329e-02	5000
342	100	6.324114e-02	2.131974e-02	5000
343	100	6.285755e-02	2.123551e-02	5000
344	100	6.225565e-02	2.106323e-02	5000
345	100	6.196945e-02	2.107230e-02	5000
346	100	6.137125e-02	2.089873e-02	5000
347	100	6.088756e-02	2.075698e-02	5000
348	100	6.017595e-02	2.048016e-02	5000
349	100	5.977095e-02	2.035379e-02	5000
350	100	5.936323e-02	2.025572e-02	5000
351	100	5.889431e-02	2.014087e-02	5000
352	100	5.849539e-02	2.008656e-02	5000
353	100	5.827078e-02	2.002545e-02	5000
354	100	5.774385e-02	1.986164e-02	5000
355	100	5.780496e-02	1.999447e-02	5000
356	100	5.755049e-02	1.996731e-02	5000
357	100	5.674611e-02	1.962533e-02	5000
358	100	5.594607e-02	1.928531e-02	5000
359	100	5.531221e-02	1.909995e-02	5000
360	100	5.494872e-02	1.895447e-02	5000
361	100	5.489357e-02	1.897601e-02	5000
362	100	5.436844e-02	1.883319e-02	5000
363	100	5.378008e-02	1.858489e-02	5000
364	100	5.366296e-02	1.861596e-02	5000
365	100	5.292629e-02	1.837160e-02	5000
366	100	5.286250e-02	1.842175e-02	5000
367	100	5.277249e-02	1.847706e-02	5000
368	100	5.259043e-02	1.842838e-02	5000
369	100	5.207923e-02	1.825059e-02	5000
370	100	5.169755e-02	1.814021e-02	5000
371	100	5.140781e-02	1.803581e-02	5000
372	100	5.086441e-02	1.785728e-02	5000
373	100	5.056742e-02	1.777463e-02	5000
374	100	5.033781e-02	1.773342e-02	5000
375	100	4.994001e-02	1.758671e-02	5000
376	100	4.966812e-02	1.750930e-02	5000
377	100	4.874701e-02	1.710466e-02	5000
378	100	4.834523e-02	1.703306e-02	5000
379	100	4.797297e-02	1.695117e-02	5000
380	100	4.766443e-02	1.687354e-02	5000
381	100	4.772088e-02	1.700781e-02	5000
382	100	4.710784e-02	1.674520e-02	5000
383	100	4.699867e-02	1.678802e-02	5000
384	100	4.647074e-02	1.653316e-02	5000
385	100	4.640133e-02	1.658269e-02	5000
386	100	4.593262e-02	1.635942e-02	5000
387	100	4.566932e-02	1.622975e-02	5000
388	100	4.527036e-02	1.605179e-02	5000
389	100	4.523284e-02	1.614868e-02	5000
390	100	4.492115e-02	1.607365e-02	5000
391	100	4.445976e-02	1.590487e-02	5000
392	100	4.425459e-02	1.581498e-02	5000
393	100	4.363403e-02	1.548590e-02	5000
394	100	4.327873e-02	1.545024e-02	5000
395	100	4.282724e-02	1.528756e-02	5000
396	100	4.247527e-02	1.520753e-02	5000
397	100	4.233644e-02	1.521500e-02	5000
398	100	4.217327e-02	1.518138e-02	5000
399	100	4.195655e-02	1.512846e-02	5000
400	100	4.166507e-02	1.502895e-02	5000
401	100	4.162461e-02	1.503009e-02	5000
402	100	4.186443e-02	1.519619e-02	5000
403	100	4.141090e-02	1.501547e-02	5000
404	100	4.095187e-02	1.493468e-02	5000
405	100	4.077078e-02	1.488327e-02	5000
406	100	4.048752e-02	1.477373e-02	5000
407	100	3.998106e-02	1.462957e-02	5000
408	100	3.976782e-02	1.454761e-02	5000
409	100	3.951809e-02	1.443786e-02	5000
410	100	3.937203e-02	1.447936e-02	5000
411	100	3.889913e-02	1.430464e-02	5000
412	100	3.864267e-02	1.422755e-02	5000
413	100	3.845478e-02	1.416371e-02	5000
414	100	3.819662e-02	1.415452e-02	5000
415	100	3.813553e-02	1.419126e-02	5000
416	100	3.788507e-02	1.410473e-02	5000
417	100	3.743944e-02	1.391173e-02	5000
418	100	3.708583e-02	1.371292e-02	5000
419	100	3.686241e-02	1.355719e-02	5000
420	100	3.680524e-02	1.356436e-02	5000
421	100	3.646075e-02	1.343690e-02	5000
422	100	3.620165e-02	1.338473e-02	5000
423	100	3.573793e-02	1.319934e-02	5000
424	100	3.550890e-02	1.314137e-02	5000
425	100	3.519112e-02	1.300377e-02	5000
426	100	3.497871e-02	1.291099e-02	5000
427	100	3.480320e-02	1.290003e-02	5000
428	100	3.451561e-02	1.276332e-02	5000
429	100	3.448614e-02	1.280213e-02	5000
430	100	3.432680e-02	1.276041e-02	5000
431	100	3.411894e-02	1.270575e-02	5000
432	100	3.392805e-02	1.260028e-02	5000
433	100	3.361073e-02	1.247496e-02	5000
434	100	3.362719e-02	1.250505e-02	5000
435	100	3.354615e-02	1.245620e-02	5000
436	100	3.355124e-02	1.246388e-02	5000
437	100	3.342188e-02	1.247081e-02	5000
438	100	3.317225e-02	1.233850e-02	5000
439	100	3.283262e-02	1.218323e-02	5000
440	100	3.259199e-02	1.208023e-02	5000
441	100	3.238632e-02	1.202423e-02	5000
442	100	3.236177e-02	1.206500e-02	5000
443	100	3.200915e-02	1.196160e-02	5000
444	100	3.187339e-02	1.191231e-02	5000
445	100	3.166849e-02	1.182691e-02	5000
446	100	3.138798e-02	1.173159e-02	5000
447	100	3.102788e-02	1.159177e-02	5000
448	100	3.058980e-02	1.137284e-02	5000
449	100	3.053452e-02	1.141941e-02	5000
450	100	3.029256e-02	1.132358e-02	5000
451	100	3.027471e-02	1.137018e-02	5000
452	100	2.999317e-02	1.123045e-02	5000
453	100	2.970641e-02	1.114894e-02	5000
454	100	2.961957e-02	1.117661e-02	5000
455	100	2.962227e-02	1.116101e-02	5000
456	100	2.947120e-02	1.108128e-02	5000
457	100	2.912321e-02	1.094976e-02	5000
458	100	2.889412e-02	1.090717e-02	5000
459	100	2.873309e-02	1.086667e-02	5000
460	100	2.862508e-02	1.085786e-02	5000
461	100	2.833793e-02	1.074399e-02	5000
462	100	2.797130e-02	1.059370e-02	5000
463	100	2.787046e-02	1.057756e-02	5000
464	100	2.778241e-02	1.064597e-02	5000
465	100	2.773685e-02	1.063023e-02	5000
466	100	2.715949e-02	1.034015e-02	5000
467	100	2.656229e-02	1.005149e-02	5000
468	100	2.645652e-02	1.004121e-02	5000
469	100	2.618921e-02	9.923123e-03	5000
470	100	2.616137e-02	9.893025e-03	5000
471	100	2.604282e-02	9.861680e-03	5000
472	100	2.579847e-02	9.796762e-03	5000
473	100	2.554965e-02	9.669074e-03	5000
474	100	2.503827e-02	9.432331e-03	5000
475	100	2.503222e-02	9.465995e-03	5000
476	100	2.505311e-02	9.479963e-03	5000
477	100	2.492153e-02	9.437394e-03	5000
478	100	2.461862e-02	9.286930e-03	5000
479	100	2.450409e-02	9.262825e-03	5000
480	100	2.424073e-02	9.136029e-03	5000
481	100	2.399596e-02	9.020341e-03	5000
482	100	2.392372e-02	9.008236e-03	5000
483	100	2.377988e-02	8.974731e-03	5000
484	100	2.355253e-02	8.856291e-03	5000
485	100	2.339598e-02	8.783555e-03	5000
486	100	2.314213e-02	8.640471e-03	5000
487	100	2.291984e-02	8.583625e-03	5000
488	100	2.264901e-02	8.394011e-03	5000
489	100	2.231891e-02	8.220777e-03	5000
490	100	2.205043e-02	8.150465e-03	5000
491	100	2.179535e-02	8.055020e-03	5000
492	100	2.160039e-02	7.984167e-03	5000
493	100	2.155534e-02	8.007708e-03	5000
494	100	2.136877e-02	7.963467e-03	5000
495	100	2.094923e-02	7.805130e-03	5000
496	100	2.100057e-02	7.819778e-03	5000
497	100	2.080375e-02	7.691509e-03	5000
498	100	2.074173e-02	7.676421e-03	5000
499	100	2.044453e-02	7.608518e-03	5000
500	100	2.032419e-02	7.585572e-03	5000