t	PopSize	m_Het	s2_Het	n_Het
0	100	9.950000e-01	-4.898331e-15	500
1	101	9.900894e-01	2.400756e-07	500
2	102	9.851790e-01	1.154129e-06	500
3	103	9.804752e-01	2.855410e-06	500
4	104	9.758119e-01	5.895066e-06	500
5	105	9.712122e-01	1.072426e-05	500
6	106	9.665886e-01	1.849760e-05	500
7	107	9.619774e-01	2.782808e-05	500
8	108	9.576056e-01	3.749152e-05	500
9	109	9.532003e-01	5.276073e-05	500
10	110	9.490560e-01	6.795113e-05	500
11	111	9.447074e-01	9.331243e-05	500
12	112	9.402101e-01	1.297937e-04	500
13	113	9.360566e-01	1.581695e-04	500
14	114	9.321694e-01	1.972144e-04	500
15	115	9.278718e-01	2.120195e-04	500
16	116	9.241445e-01	2.442895e-04	500
17	117	9.199215e-01	3.051902e-04	500
18	118	9.163393e-01	3.653531e-04	500
19	119	9.119698e-01	4.315741e-04	500
20	120	9.083822e-01	4.838165e-04	500
21	121	9.051361e-01	5.114697e-04	500
22	122	9.004155e-01	5.932602e-04	500
23	123	8.969264e-01	6.466860e-04	500
24	124	8.935303e-01	6.467248e-04	500
25	125	8.898484e-01	6.899513e-04	500
26	126	8.866823e-01	7.557847e-04	500
27	127	8.835506e-01	7.704871e-04	500
28	128	8.796779e-01	8.483673e-04	500
29	129	8.759327e-01	9.969041e-04	500
30	130	8.721465e-01	1.147066e-03	500
31	131	8.693604e-01	1.259692e-03	500
32	132	8.664190e-01	1.333500e-03	500
33	133	8.623152e-01	1.455404e-03	500
34	134	8.588734e-01	1.529676e-03	500
35	135	8.554890e-01	1.690711e-03	500
36	136	8.525453e-01	1.755891e-03	500
37	137	8.491346e-01	1.907261e-03	500
38	138	8.459501e-01	2.102862e-03	500
39	139	8.429915e-01	2.193314e-03	500
40	140	8.398034e-01	2.370118e-03	500
41	141	8.366263e-01	2.538673e-03	500
42	142	8.344318e-01	2.673827e-03	500
43	143	8.323785e-01	2.740342e-03	500
44	144	8.301809e-01	2.947257e-03	500
45	145	8.270521e-01	3.007041e-03	500
46	146	8.244441e-01	3.081123e-03	500
47	147	8.216551e-01	3.291463e-03	500
48	148	8.182914e-01	3.449932e-03	500
49	149	8.166664e-01	3.489051e-03	500
50	150	8.145358e-01	3.737055e-03	500
51	151	8.127541e-01	3.817344e-03	500
52	152	8.103681e-01	3.929971e-03	500
53	153	8.076483e-01	4.064915e-03	500
54	154	8.036794e-01	4.351754e-03	500
55	155	8.003485e-01	4.511540e-03	500
56	156	7.988953e-01	4.364233e-03	500
57	157	7.966588e-01	4.323733e-03	500
58	158	7.944543e-01	4.327911e-03	500
59	159	7.915252e-01	4.482130e-03	500
60	160	7.902910e-01	4.421750e-03	500
61	161	7.877163e-01	4.563367e-03	500
62	162	7.855345e-01	4.670154e-03	500
63	163	7.820192e-01	4.983089e-03	500
64	164	7.802452e-01	5.144459e-03	500
65	165	7.778347e-01	5.176575e-03	500
66	166	7.750235e-01	5.297129e-03	500
67	167	7.732983e-01	5.393599e-03	500
68	168	7.705876e-01	5.478062e-03	500
69	169	7.674392e-01	5.877583e-03	500
70	170	7.654858e-01	5.983282e-03	500
71	171	7.637054e-01	6.012456e-03	500
72	172	7.621668e-01	6.082660e-03	500
73	173	7.601564e-01	6.277460e-03	500
74	174	7.572613e-01	6.516702e-03	500
75	175	7.545108e-01	6.736030e-03	500
76	176	7.528373e-01	6.773434e-03	500
77	177	7.501996e-01	6.846194e-03	500
78	178	7.474174e-01	7.067491e-03	500
79	179	7.447216e-01	7.335683e-03	500
80	180	7.420908e-01	7.723391e-03	500
81	181	7.419906e-01	7.439466e-03	500
82	182	7.397087e-01	7.617538e-03	500
83	183	7.378367e-01	7.433708e-03	500
84	184	7.363272e-01	7.327298e-03	500
85	185	7.340178e-01	7.399007e-03	500
86	186	7.312581e-01	7.835717e-03	500
87	187	7.290378e-01	8.056862e-03	500
88	188	7.266945e-01	8.507988e-03	500
89	189	7.240129e-01	8.828791e-03	500
90	190	7.217044e-01	9.186828e-03	500
91	191	7.193657e-01	9.479317e-03	500
92	192	7.173867e-01	9.309535e-03	500
93	193	7.163309e-01	9.511589e-03	500
94	194	7.140446e-01	9.835521e-03	500
95	195	7.118807e-01	9.997263e-03	500
96	196	7.093909e-01	1.023336e-02	500
97	197	7.080319e-01	1.015280e-02	500
98	198	7.063770e-01	1.032806e-02	500
99	199	7.039639e-01	1.041489e-02	500
100	100	6.996109e-01	1.116522e-02	500
101	101	6.967444e-01	1.120277e-02	500
102	102	6.935680e-01	1.192161e-02	500
103	103	6.917169e-01	1.168714e-02	500
104	104	6.888056e-01	1.177096e-02	500
105	105	6.841594e-01	1.236975e-02	500
106	106	6.806353e-01	1.235210e-02	500
107	107	6.780208e-01	1.293026e-02	500
108	108	6.734158e-01	1.330866e-02	500
109	109	6.706588e-01	1.410094e-02	500
110	110	6.666678e-01	1.450403e-02	500
111	111	6.641806e-01	1.489556e-02	500
112	112	6.610479e-01	1.511808e-02	500
113	113	6.586506e-01	1.472217e-02	500
114	114	6.543627e-01	1.515086e-02	500
115	115	6.503142e-01	1.518241e-02	500
116	116	6.481141e-01	1.498127e-02	500
117	117	6.448398e-01	1.515029e-02	500
118	118	6.427274e-01	1.494352e-02	500
119	119	6.388590e-01	1.604250e-02	500
120	120	6.370794e-01	1.617570e-02	500
121	121	6.338695e-01	1.644291e-02	500
122	122	6.314124e-01	1.666715e-02	500
123	123	6.288839e-01	1.705443e-02	500
124	124	6.269427e-01	1.737993e-02	500
125	125	6.236704e-01	1.792548e-02	500
126	126	6.197363e-01	1.901458e-02	500
127	127	6.179625e-01	1.910192e-02	500
128	128	6.147982e-01	1.923313e-02	500
129	129	6.118604e-01	1.913698e-02	500
130	130	6.099370e-01	1.927880e-02	500
131	131	6.068238e-01	1.983497e-02	500
132	132	6.027218e-01	2.118670e-02	500
133	133	6.003840e-01	2.120549e-02	500
134	134	5.998116e-01	2.141749e-02	500
135	135	5.978272e-01	2.241183e-02	500
136	136	5.951234e-01	2.285760e-02	500
137	137	5.927816e-01	2.289414e-02	500
138	138	5.889055e-01	2.328938e-02	500
139	139	5.881042e-01	2.308229e-02	500
140	140	5.857544e-01	2.298999e-02	500
141	141	5.828728e-01	2.313502e-02	500
142	142	5.804286e-01	2.365870e-02	500
143	143	5.790861e-01	2.306395e-02	500
144	144	5.772240e-01	2.276926e-02	500
145	145	5.761429e-01	2.301636e-02	500
146	146	5.747595e-01	2.342638e-02	500
147	147	5.723613e-01	2.395980e-02	500
148	148	5.707829e-01	2.395433e-02	500
149	149	5.685248e-01	2.383320e-02	500
150	150	5.673684e-01	2.401883e-02	500
151	151	5.656303e-01	2.436957e-02	500
152	152	5.634202e-01	2.428726e-02	500
153	153	5.619352e-01	2.479061e-02	500
154	154	5.613232e-01	2.478440e-02	500
155	155	5.592668e-01	2.529109e-02	500
156	156	5.566731e-01	2.544174e-02	500
157	157	5.557695e-01	2.531936e-02	500
158	158	5.552161e-01	2.515088e-02	500
159	159	5.533934e-01	2.520329e-02	500
160	160	5.513071e-01	2.559403e-02	500
161	161	5.483308e-01	2.600439e-02	500
162	162	5.453891e-01	2.672100e-02	500
163	163	5.440067e-01	2.682195e-02	500
164	164	5.425105e-01	2.687789e-02	500
165	165	5.413085e-01	2.735240e-02	500
166	166	5.393409e-01	2.738340e-02	500
167	167	5.372364e-01	2.783297e-02	500
168	168	5.354573e-01	2.831502e-02	500
169	169	5.338173e-01	2.866228e-02	500
170	170	5.307665e-01	2.937101e-02	500
171	171	5.302009e-01	2.942760e-02	500
172	172	5.278917e-01	2.975975e-02	500
173	173	5.258413e-01	3.037343e-02	500
174	174	5.236678e-01	3.049819e-02	500
175	175	5.225702e-01	3.031606e-02	500
176	176	5.223928e-01	3.025246e-02	500
177	177	5.217687e-01	3.018639e-02	500
178	178	5.199830e-01	3.082898e-02	500
179	179	5.180572e-01	3.132838e-02	500
180	180	5.159701e-01	3.107982e-02	500
181	181	5.139853e-01	3.105984e-02	500
182	182	5.117506e-01	3.126740e-02	500
183	183	5.103332e-01	3.138720e-02	500
184	184	5.093373e-01	3.164833e-02	500
185	185	5.085740e-01	3.158640e-02	500
186	186	5.065726e-01	3.212352e-02	500
187	187	5.058215e-01	3.233205e-02	500
188	188	5.045353e-01	3.271568e-02	500
189	189	5.025406e-01	3.276681e-02	500
190	190	5.009703e-01	3.338484e-02	500
191	191	4.997827e-01	3.382616e-02	500
192	192	4.988137e-01	3.375792e-02	500
193	193	4.972160e-01	3.415279e-02	500
194	194	4.957400e-01	3.464419e-02	500
195	195	4.951032e-01	3.505011e-02	500
196	196	4.945749e-01	3.517758e-02	500
197	197	4.931138e-01	3.528735e-02	500
198	198	4.919248e-01	3.528982e-02	500
199	199	4.906986e-01	3.561638e-02	500
200	100	4.881764e-01	3.608876e-02	500