t	PopSize	m_Het	s2_Het	n_Het
0	100	9.950000e-01	2.125005e-13	5000
1	100	9.689273e-01	1.185367e-06	5000
2	100	9.440320e-01	5.289951e-05	5000
3	100	9.198413e-01	2.232090e-04	5000
4	100	8.960592e-01	5.574570e-04	5000
5	100	8.730226e-01	1.055811e-03	5000
6	100	8.511962e-01	1.638579e-03	5000
7	100	8.294515e-01	2.378186e-03	5000
8	100	8.080523e-01	3.287646e-03	5000
9	100	7.865322e-01	4.533140e-03	5000
10	100	7.662163e-01	5.756528e-03	5000
11	100	7.473179e-01	6.957039e-03	5000
12	100	7.275856e-01	8.640711e-03	5000
13	100	7.090222e-01	1.009900e-02	5000
14	100	6.905877e-01	1.166377e-02	5000
15	100	6.722913e-01	1.352556e-02	5000
16	100	6.559543e-01	1.471780e-02	5000
17	100	6.374838e-01	1.688547e-02	5000
18	100	6.224323e-01	1.855750e-02	5000
19	100	6.073596e-01	2.032007e-02	5000
20	100	5.910883e-01	2.218090e-02	5000
21	100	5.756930e-01	2.382384e-02	5000
22	100	5.615997e-01	2.536812e-02	5000
23	100	5.489648e-01	2.691595e-02	5000
24	100	5.350916e-01	2.851731e-02	5000
25	100	5.226023e-01	2.986782e-02	5000
26	100	5.092642e-01	3.124694e-02	5000
27	100	4.957159e-01	3.319285e-02	5000
28	100	4.825320e-01	3.478607e-02	5000
29	100	4.712764e-01	3.619411e-02	5000
30	100	4.594938e-01	3.720455e-02	5000
31	100	4.469567e-01	3.881126e-02	5000
32	100	4.361593e-01	3.977133e-02	5000
33	100	4.255008e-01	4.073226e-02	5000
34	100	4.140496e-01	4.195763e-02	5000
35	100	4.035939e-01	4.288107e-02	5000
36	100	3.933648e-01	4.343465e-02	5000
37	100	3.824468e-01	4.399561e-02	5000
38	100	3.731422e-01	4.432238e-02	5000
39	100	3.647919e-01	4.482798e-02	5000
40	100	3.550092e-01	4.545605e-02	5000
41	100	3.459891e-01	4.591015e-02	5000
42	100	3.377901e-01	4.649380e-02	5000
43	100	3.288829e-01	4.647504e-02	5000
44	100	3.213340e-01	4.682062e-02	5000
45	100	3.131960e-01	4.689492e-02	5000
46	100	3.050934e-01	4.690526e-02	5000
47	100	2.975603e-01	4.673774e-02	5000
48	100	2.902235e-01	4.705238e-02	5000
49	100	2.827503e-01	4.738904e-02	5000
50	100	2.753329e-01	4.740214e-02	5000
51	100	2.683822e-01	4.728476e-02	5000
52	100	2.621755e-01	4.707542e-02	5000
53	100	2.549368e-01	4.720014e-02	5000
54	100	2.463164e-01	4.679159e-02	5000
55	100	2.396927e-01	4.664239e-02	5000
56	100	2.339373e-01	4.668145e-02	5000
57	100	2.280537e-01	4.684681e-02	5000
58	100	2.222480e-01	4.643577e-02	5000
59	100	2.174690e-01	4.607957e-02	5000
60	100	2.121220e-01	4.579368e-02	5000
61	100	2.067753e-01	4.536256e-02	5000
62	100	2.001355e-01	4.475625e-02	5000
63	100	1.942825e-01	4.408028e-02	5000
64	100	1.887988e-01	4.362598e-02	5000
65	100	1.839725e-01	4.331674e-02	5000
66	100	1.799033e-01	4.319908e-02	5000
67	100	1.769735e-01	4.309823e-02	5000
68	100	1.721894e-01	4.242093e-02	5000
69	100	1.676097e-01	4.171979e-02	5000
70	100	1.631436e-01	4.145336e-02	5000
71	100	1.579379e-01	4.067810e-02	5000
72	100	1.537223e-01	3.990543e-02	5000
73	100	1.498068e-01	3.944308e-02	5000
74	100	1.464218e-01	3.913008e-02	5000
75	100	1.428632e-01	3.861452e-02	5000
76	100	1.383129e-01	3.774436e-02	5000
77	100	1.347328e-01	3.692498e-02	5000
78	100	1.301301e-01	3.611794e-02	5000
79	100	1.270103e-01	3.584245e-02	5000
80	100	1.241061e-01	3.552273e-02	5000
81	100	1.203950e-01	3.475858e-02	5000
82	100	1.171036e-01	3.427153e-02	5000
83	100	1.146192e-01	3.384658e-02	5000
84	100	1.121966e-01	3.333173e-02	5000
85	100	1.089859e-01	3.274080e-02	5000
86	100	1.059957e-01	3.196362e-02	5000
87	100	1.027681e-01	3.127207e-02	5000
88	100	1.001600e-01	3.063839e-02	5000
89	100	9.761854e-02	3.015378e-02	5000
90	100	9.540388e-02	2.969034e-02	5000
91	100	9.289454e-02	2.912915e-02	5000
92	100	9.084471e-02	2.864764e-02	5000
93	100	8.891946e-02	2.823302e-02	5000
94	100	8.696507e-02	2.780024e-02	5000
95	100	8.508010e-02	2.739701e-02	5000
96	100	8.282684e-02	2.655013e-02	5000
97	100	7.984944e-02	2.573010e-02	5000
98	100	7.743903e-02	2.525201e-02	5000
99	100	7.550819e-02	2.476940e-02	5000
100	100	7.330635e-02	2.410649e-02	5000
101	100	7.090840e-02	2.340400e-02	5000
102	100	6.867486e-02	2.278727e-02	5000
103	100	6.715843e-02	2.240929e-02	5000
104	100	6.541445e-02	2.203423e-02	5000
105	100	6.336573e-02	2.132432e-02	5000
106	100	6.168809e-02	2.086560e-02	5000
107	100	5.986216e-02	2.031318e-02	5000
108	100	5.813554e-02	1.979753e-02	5000
109	100	5.704127e-02	1.955104e-02	5000
110	100	5.600480e-02	1.926949e-02	5000
111	100	5.490464e-02	1.906700e-02	5000
112	100	5.344605e-02	1.858881e-02	5000
113	100	5.225785e-02	1.830306e-02	5000
114	100	5.100440e-02	1.793363e-02	5000
115	100	4.962775e-02	1.759066e-02	5000
116	100	4.836236e-02	1.713865e-02	5000
117	100	4.788000e-02	1.710130e-02	5000
118	100	4.650023e-02	1.654376e-02	5000
119	100	4.513546e-02	1.597631e-02	5000
120	100	4.391934e-02	1.562195e-02	5000
121	100	4.290583e-02	1.533438e-02	5000
122	100	4.148532e-02	1.471833e-02	5000
123	100	4.078036e-02	1.446788e-02	5000
124	100	3.992928e-02	1.419676e-02	5000
125	100	3.902786e-02	1.406142e-02	5000
126	100	3.791238e-02	1.365370e-02	5000
127	100	3.712083e-02	1.342527e-02	5000
128	100	3.621798e-02	1.316533e-02	5000
129	100	3.558019e-02	1.302506e-02	5000
130	100	3.460995e-02	1.275408e-02	5000
131	100	3.367708e-02	1.245362e-02	5000
132	100	3.255650e-02	1.195831e-02	5000
133	100	3.211797e-02	1.189251e-02	5000
134	100	3.154994e-02	1.163057e-02	5000
135	100	3.065074e-02	1.135691e-02	5000
136	100	2.983854e-02	1.108005e-02	5000
137	100	2.947337e-02	1.095189e-02	5000
138	100	2.878798e-02	1.070749e-02	5000
139	100	2.806040e-02	1.043178e-02	5000
140	100	2.707728e-02	1.014029e-02	5000
141	100	2.602887e-02	9.771158e-03	5000
142	100	2.537210e-02	9.465680e-03	5000
143	100	2.474745e-02	9.313285e-03	5000
144	100	2.394193e-02	8.993077e-03	5000
145	100	2.338069e-02	8.817162e-03	5000
146	100	2.282319e-02	8.623250e-03	5000
147	100	2.236358e-02	8.498199e-03	5000
148	100	2.175450e-02	8.258683e-03	5000
149	100	2.128370e-02	8.017897e-03	5000
150	100	2.089980e-02	7.924753e-03	5000
151	100	2.045453e-02	7.772385e-03	5000
152	100	1.990517e-02	7.552424e-03	5000
153	100	1.928345e-02	7.286629e-03	5000
154	100	1.862490e-02	6.952303e-03	5000
155	100	1.828570e-02	6.920488e-03	5000
156	100	1.778985e-02	6.740151e-03	5000
157	100	1.733922e-02	6.601841e-03	5000
158	100	1.675506e-02	6.341283e-03	5000
159	100	1.653063e-02	6.261692e-03	5000
160	100	1.633165e-02	6.202256e-03	5000
161	100	1.604690e-02	6.083362e-03	5000
162	100	1.570577e-02	5.905690e-03	5000
163	100	1.540948e-02	5.768555e-03	5000
164	100	1.471859e-02	5.439092e-03	5000
165	100	1.429648e-02	5.307578e-03	5000
166	100	1.373497e-02	5.039641e-03	5000
167	100	1.332881e-02	4.938138e-03	5000
168	100	1.311535e-02	4.851947e-03	5000
169	100	1.288035e-02	4.828724e-03	5000
170	100	1.263039e-02	4.781291e-03	5000
171	100	1.209578e-02	4.594182e-03	5000
172	100	1.162732e-02	4.416661e-03	5000
173	100	1.100219e-02	4.106172e-03	5000
174	100	1.075680e-02	4.019268e-03	5000
175	100	1.070100e-02	4.022209e-03	5000
176	100	1.051786e-02	4.008633e-03	5000
177	100	1.026318e-02	3.913163e-03	5000
178	100	9.867540e-03	3.731610e-03	5000
179	100	9.274530e-03	3.500855e-03	5000
180	100	8.958190e-03	3.401993e-03	5000
181	100	8.882360e-03	3.424294e-03	5000
182	100	8.920660e-03	3.525408e-03	5000
183	100	8.857390e-03	3.524094e-03	5000
184	100	8.598360e-03	3.420993e-03	5000
185	100	8.235610e-03	3.232603e-03	5000
186	100	7.962450e-03	3.119582e-03	5000
187	100	7.724320e-03	3.038576e-03	5000
188	100	7.565820e-03	2.988986e-03	5000
189	100	7.510210e-03	2.980675e-03	5000
190	100	7.290640e-03	2.896251e-03	5000
191	100	7.182210e-03	2.848802e-03	5000
192	100	7.042450e-03	2.808431e-03	5000
193	100	6.948360e-03	2.762263e-03	5000
194	100	6.713270e-03	2.691740e-03	5000
195	100	6.413460e-03	2.511252e-03	5000
196	100	6.070520e-03	2.376691e-03	5000
197	100	5.809940e-03	2.284858e-03	5000
198	100	5.589670e-03	2.212594e-03	5000
199	100	5.584140e-03	2.262965e-03	5000
200	100	5.426690e-03	2.228343e-03	5000
201	100	5.502120e-03	2.267175e-03	5000
202	100	5.288400e-03	2.187929e-03	5000
203	100	5.226970e-03	2.170652e-03	5000
204	100	5.068640e-03	2.103695e-03	5000
205	100	4.905360e-03	2.031323e-03	5000
206	100	4.682510e-03	1.946047e-03	5000
207	100	4.516630e-03	1.859413e-03	5000
208	100	4.400210e-03	1.811609e-03	5000
209	100	4.313580e-03	1.768612e-03	5000
210	100	4.298330e-03	1.753143e-03	5000
211	100	4.300100e-03	1.783396e-03	5000
212	100	4.151060e-03	1.715956e-03	5000
213	100	4.067410e-03	1.706796e-03	5000
214	100	3.937580e-03	1.640713e-03	5000
215	100	3.668790e-03	1.479075e-03	5000
216	100	3.520080e-03	1.405650e-03	5000
217	100	3.313330e-03	1.279610e-03	5000
218	100	3.261080e-03	1.249783e-03	5000
219	100	3.129040e-03	1.208491e-03	5000
220	100	3.123740e-03	1.210186e-03	5000
221	100	2.972130e-03	1.133221e-03	5000
222	100	2.940580e-03	1.141955e-03	5000
223	100	2.891170e-03	1.116744e-03	5000
224	100	2.970740e-03	1.166988e-03	5000
225	100	2.998450e-03	1.180940e-03	5000
226	100	2.935820e-03	1.178622e-03	5000
227	100	2.766110e-03	1.086812e-03	5000
228	100	2.613050e-03	1.030616e-03	5000
229	100	2.576900e-03	1.030959e-03	5000
230	100	2.476240e-03	9.911901e-04	5000
231	100	2.360260e-03	9.264228e-04	5000
232	100	2.415080e-03	9.700118e-04	5000
233	100	2.274380e-03	9.057755e-04	5000
234	100	2.198470e-03	8.654610e-04	5000
235	100	2.135600e-03	8.320336e-04	5000
236	100	2.047180e-03	7.923937e-04	5000
237	100	1.957660e-03	7.303154e-04	5000
238	100	1.848090e-03	6.702986e-04	5000
239	100	1.753330e-03	6.241321e-04	5000
240	100	1.708060e-03	6.180614e-04	5000
241	100	1.583310e-03	5.781896e-04	5000
242	100	1.559260e-03	5.562893e-04	5000
243	100	1.532320e-03	5.358438e-04	5000
244	100	1.511140e-03	5.483335e-04	5000
245	100	1.463330e-03	5.199516e-04	5000
246	100	1.340060e-03	4.485245e-04	5000
247	100	1.404810e-03	5.056152e-04	5000
248	100	1.447220e-03	5.481992e-04	5000
249	100	1.394480e-03	5.199092e-04	5000
250	100	1.394090e-03	5.094948e-04	5000
251	100	1.351520e-03	5.104480e-04	5000
252	100	1.255820e-03	4.679922e-04	5000
253	100	1.362990e-03	5.267068e-04	5000
254	100	1.318500e-03	5.056256e-04	5000
255	100	1.315430e-03	4.972497e-04	5000
256	100	1.318870e-03	5.263818e-04	5000
257	100	1.230900e-03	5.124065e-04	5000
258	100	1.276300e-03	5.342357e-04	5000
259	100	1.215870e-03	4.973309e-04	5000
260	100	1.244800e-03	5.227989e-04	5000
261	100	1.221290e-03	5.129006e-04	5000
262	100	1.172610e-03	4.771562e-04	5000
263	100	1.179870e-03	5.009791e-04	5000
264	100	1.213480e-03	5.053314e-04	5000
265	100	1.188440e-03	4.874523e-04	5000
266	100	1.181220e-03	4.746339e-04	5000
267	100	1.163160e-03	4.712998e-04	5000
268	100	1.186010e-03	4.914738e-04	5000
269	100	1.121860e-03	4.407409e-04	5000
270	100	1.085020e-03	4.247574e-04	5000
271	100	1.068460e-03	4.145044e-04	5000
272	100	9.677200e-04	3.628188e-04	5000
273	100	9.422900e-04	3.530494e-04	5000
274	100	9.411400e-04	3.538960e-04	5000
275	100	9.552500e-04	3.820854e-04	5000
276	100	8.966300e-04	3.526010e-04	5000
277	100	8.574100e-04	3.403020e-04	5000
278	100	8.481700e-04	3.580126e-04	5000
279	100	8.146000e-04	3.454483e-04	5000
280	100	8.000100e-04	3.401925e-04	5000
281	100	8.422200e-04	3.784491e-04	5000
282	100	8.579000e-04	4.004037e-04	5000
283	100	8.850200e-04	4.089200e-04	5000
284	100	8.561300e-04	3.860436e-04	5000
285	100	8.108100e-04	3.697578e-04	5000
286	100	7.651000e-04	3.495878e-04	5000
287	100	7.821800e-04	3.628908e-04	5000
288	100	7.081600e-04	3.060138e-04	5000
289	100	7.667800e-04	3.372049e-04	5000
290	100	7.864300e-04	3.385933e-04	5000
291	100	7.682000e-04	3.269723e-04	5000
292	100	7.279300e-04	2.998046e-04	5000
293	100	7.357600e-04	3.051532e-04	5000
294	100	6.488300e-04	2.496152e-04	5000
295	100	6.847600e-04	2.757159e-04	5000
296	100	7.209000e-04	2.976739e-04	5000
297	100	7.392600e-04	3.086472e-04	5000
298	100	6.890600e-04	2.850363e-04	5000
299	100	6.490200e-04	2.530437e-04	5000
300	100	5.912900e-04	2.280538e-04	5000
301	100	6.256700e-04	2.441604e-04	5000
302	100	6.303900e-04	2.610932e-04	5000
303	100	6.230000e-04	2.639500e-04	5000
304	100	6.587400e-04	2.914658e-04	5000
305	100	6.413900e-04	2.870000e-04	5000
306	100	6.374500e-04	2.824578e-04	5000
307	100	6.658200e-04	2.982745e-04	5000
308	100	6.439400e-04	2.737787e-04	5000
309	100	6.105300e-04	2.627906e-04	5000
310	100	5.877600e-04	2.528961e-04	5000
311	100	5.552300e-04	2.277543e-04	5000
312	100	4.939900e-04	1.838212e-04	5000
313	100	5.073100e-04	1.962375e-04	5000
314	100	5.153900e-04	1.972448e-04	5000
315	100	5.192600e-04	2.054107e-04	5000
316	100	5.122100e-04	2.083474e-04	5000
317	100	5.308300e-04	2.165313e-04	5000
318	100	4.918800e-04	2.038371e-04	5000
319	100	5.131900e-04	2.286926e-04	5000
320	100	5.301600e-04	2.387441e-04	5000
321	100	5.531600e-04	2.441636e-04	5000
322	100	5.413800e-04	2.355051e-04	5000
323	100	5.714800e-04	2.505365e-04	5000
324	100	5.717300e-04	2.558414e-04	5000
325	100	5.617400e-04	2.442824e-04	5000
326	100	5.130100e-04	2.133860e-04	5000
327	100	5.095800e-04	2.239360e-04	5000
328	100	4.972800e-04	2.149155e-04	5000
329	100	4.905000e-04	2.098513e-04	5000
330	100	4.924100e-04	2.048377e-04	5000
331	100	4.824900e-04	1.978834e-04	5000
332	100	4.297200e-04	1.599768e-04	5000
333	100	4.466100e-04	1.767617e-04	5000
334	100	4.294900e-04	1.673848e-04	5000
335	100	4.311200e-04	1.743602e-04	5000
336	100	4.392500e-04	1.772741e-04	5000
337	100	4.154600e-04	1.678563e-04	5000
338	100	4.206100e-04	1.846654e-04	5000
339	100	4.054900e-04	1.657330e-04	5000
340	100	4.021800e-04	1.663519e-04	5000
341	100	3.905300e-04	1.685434e-04	5000
342	100	3.710500e-04	1.565264e-04	5000
343	100	3.293800e-04	1.391464e-04	5000
344	100	3.207500e-04	1.239128e-04	5000
345	100	3.042700e-04	1.226284e-04	5000
346	100	2.739700e-04	1.089814e-04	5000
347	100	2.845600e-04	1.033133e-04	5000
348	100	2.644900e-04	1.012197e-04	5000
349	100	2.589900e-04	1.072472e-04	5000
350	100	2.648800e-04	1.050442e-04	5000
351	100	2.501400e-04	9.731170e-05	5000
352	100	1.916100e-04	7.083950e-05	5000
353	100	2.273200e-04	9.084034e-05	5000
354	100	2.225500e-04	9.625439e-05	5000
355	100	2.077900e-04	8.489730e-05	5000
356	100	2.262400e-04	9.693409e-05	5000
357	100	2.094100e-04	7.839229e-05	5000
358	100	2.254900e-04	8.984156e-05	5000
359	100	2.195400e-04	8.355464e-05	5000
360	100	2.145800e-04	7.675875e-05	5000
361	100	2.058700e-04	7.136443e-05	5000
362	100	1.940400e-04	6.297905e-05	5000
363	100	1.655000e-04	4.670758e-05	5000
364	100	9.603000e-05	1.615582e-05	5000
365	100	1.020600e-04	2.076106e-05	5000
366	100	1.142900e-04	3.345423e-05	5000
367	100	1.190600e-04	3.803060e-05	5000
368	100	1.046700e-04	3.121662e-05	5000
369	100	1.164600e-04	3.522792e-05	5000
370	100	1.307100e-04	4.328269e-05	5000
371	100	1.287900e-04	4.174568e-05	5000
372	100	1.639900e-04	7.045720e-05	5000
373	100	1.572600e-04	6.617502e-05	5000
374	100	1.708300e-04	7.506736e-05	5000
375	100	1.788400e-04	8.106296e-05	5000
376	100	1.847500e-04	8.588977e-05	5000
377	100	1.853500e-04	8.618697e-05	5000
378	100	1.860600e-04	8.698017e-05	5000
379	100	1.611100e-04	6.761933e-05	5000
380	100	1.421500e-04	5.882269e-05	5000
381	100	1.503600e-04	6.235691e-05	5000
382	100	1.590000e-04	6.339240e-05	5000
383	100	1.795900e-04	8.095118e-05	5000
384	100	1.712700e-04	7.348905e-05	5000
385	100	1.630000e-04	6.754580e-05	5000
386	100	1.691500e-04	7.263564e-05	5000
387	100	1.577400e-04	6.665376e-05	5000
388	100	1.695800e-04	7.304569e-05	5000
389	100	1.450800e-04	6.006438e-05	5000
390	100	1.475200e-04	6.094940e-05	5000
391	100	1.614000e-04	6.877600e-05	5000
392	100	1.537600e-04	6.443993e-05	5000
393	100	1.342300e-04	5.574662e-05	5000
394	100	1.507000e-04	6.203754e-05	5000
395	100	1.601200e-04	6.750640e-05	5000
396	100	1.607500e-04	6.812923e-05	5000
397	100	1.243500e-04	4.730373e-05	5000
398	100	1.405100e-04	5.637433e-05	5000
399	100	1.338700e-04	5.251003e-05	5000
400	100	1.743900e-04	7.644424e-05	5000
401	100	1.911600e-04	9.145408e-05	5000
402	100	1.870300e-04	8.785240e-05	5000
403	100	1.789500e-04	8.082247e-05	5000
404	100	1.575900e-04	6.650391e-05	5000
405	100	1.567000e-04	6.178976e-05	5000
406	100	1.660700e-04	7.134506e-05	5000
407	100	1.498300e-04	6.118612e-05	5000
408	100	1.386300e-04	5.536810e-05	5000
409	100	1.427100e-04	5.698015e-05	5000
410	100	1.554700e-04	6.345213e-05	5000
411	100	1.227000e-04	3.977442e-05	5000
412	100	1.239600e-04	3.961336e-05	5000
413	100	9.958000e-05	2.715756e-05	5000
414	100	6.264000e-05	1.368126e-05	5000
415	100	7.632000e-05	1.699303e-05	5000
416	100	5.350000e-05	1.004477e-05	5000
417	100	3.143000e-05	4.353251e-06	5000
418	100	1.719000e-05	1.477480e-06	5000
419	100	3.276000e-05	5.366088e-06	5000
420	100	5.775000e-05	1.667531e-05	5000
421	100	4.375000e-05	9.570312e-06	5000
422	100	3.600000e-05	6.480000e-06	5000
423	100	2.079000e-05	2.161120e-06	5000
424	100	3.276000e-05	5.366088e-06	5000
425	100	2.256000e-05	2.544768e-06	5000
426	100	1.536000e-05	1.179648e-06	5000
427	100	1.351000e-05	9.126005e-07	5000
428	100	2.079000e-05	2.161120e-06	5000
429	100	1.536000e-05	1.179648e-06	5000
430	100	3.759000e-05	7.065041e-06	5000
431	100	4.959000e-05	1.229584e-05	5000
432	100	6.031000e-05	1.818648e-05	5000
433	100	3.759000e-05	7.065041e-06	5000
434	100	3.600000e-05	6.480000e-06	5000
435	100	6.636000e-05	2.201825e-05	5000
436	100	6.400000e-05	2.048000e-05	5000
437	100	5.644000e-05	1.592737e-05	5000
438	100	6.400000e-05	2.048000e-05	5000
439	100	7.084000e-05	2.509153e-05	5000
440	100	4.671000e-05	1.090912e-05	5000
441	100	5.511000e-05	1.518556e-05	5000
442	100	4.816000e-05	1.159693e-05	5000
443	100	2.944000e-05	4.333568e-06	5000
444	100	3.916000e-05	7.667528e-06	5000
445	100	5.904000e-05	1.742861e-05	5000
446	100	7.399000e-05	2.737260e-05	5000
447	100	6.400000e-05	2.048000e-05	5000
448	100	5.644000e-05	1.592737e-05	5000
449	100	6.864000e-05	2.355725e-05	5000
450	100	5.100000e-05	1.300500e-05	5000
451	100	4.959000e-05	1.229584e-05	5000
452	100	5.100000e-05	1.300500e-05	5000
453	100	4.959000e-05	1.229584e-05	5000
454	100	5.644000e-05	1.592737e-05	5000
455	100	6.400000e-05	2.048000e-05	5000
456	100	4.071000e-05	8.286520e-06	5000
457	100	4.816000e-05	1.159693e-05	5000
458	100	7.791000e-05	3.034984e-05	5000
459	100	8.236000e-05	3.391585e-05	5000
460	100	8.775000e-05	3.850031e-05	5000
461	100	9.216000e-05	4.246733e-05	5000
462	100	8.236000e-05	3.391585e-05	5000
463	100	9.159000e-05	4.194364e-05	5000
464	100	8.556000e-05	3.660257e-05	5000
465	100	7.084000e-05	2.509153e-05	5000
466	100	8.319000e-05	3.460288e-05	5000
467	100	9.324000e-05	4.346849e-05	5000
468	100	8.556000e-05	3.660257e-05	5000
469	100	6.975000e-05	2.432531e-05	5000
470	100	6.519000e-05	2.124868e-05	5000
471	100	8.479000e-05	3.594672e-05	5000
472	100	8.911000e-05	3.970296e-05	5000
473	100	7.500000e-05	2.812500e-05	5000
474	100	9.375000e-05	4.394531e-05	5000
475	100	6.864000e-05	2.355725e-05	5000
476	100	6.864000e-05	2.355725e-05	5000
477	100	8.151000e-05	3.321940e-05	5000
478	100	8.775000e-05	3.850031e-05	5000
479	100	9.991000e-05	4.991004e-05	5000
480	100	9.831000e-05	4.832428e-05	5000
481	100	9.375000e-05	4.394531e-05	5000
482	100	9.964000e-05	4.964065e-05	5000
483	100	9.951000e-05	4.951120e-05	5000
484	100	9.999000e-05	4.999000e-05	5000
485	100	9.879000e-05	4.879732e-05	5000
486	100	9.900000e-05	4.900500e-05	5000
487	100	9.996000e-05	4.996001e-05	5000
488	100	9.879000e-05	4.879732e-05	5000
489	100	9.900000e-05	4.900500e-05	5000
490	100	9.676000e-05	4.681249e-05	5000
491	100	9.804000e-05	4.805921e-05	5000
492	100	9.999000e-05	4.999000e-05	5000
493	100	9.900000e-05	4.900500e-05	5000
494	100	9.804000e-05	4.805921e-05	5000
495	100	8.064000e-05	3.251405e-05	5000
496	100	6.975000e-05	2.432531e-05	5000
497	100	8.151000e-05	3.321940e-05	5000
498	100	7.500000e-05	2.812500e-05	5000
499	100	5.376000e-05	1.445069e-05	5000
500	100	5.644000e-05	1.592737e-05	5000
