t	PopSize	m_Het	s2_Het	n_Het
0	500	9.990000e-01	1.726566e-13	5000
1	500	9.980008e-01	2.059545e-09	5000
2	500	9.970008e-01	9.729867e-09	5000
3	500	9.960062e-01	2.585380e-08	5000
4	500	9.950093e-01	5.635027e-08	5000
5	500	9.940099e-01	1.074528e-07	5000
6	500	9.930161e-01	1.755120e-07	5000
7	500	9.920170e-01	2.759801e-07	5000
8	500	9.910161e-01	3.999181e-07	5000
9	500	9.900182e-01	5.455478e-07	5000
10	500	9.890320e-01	7.604544e-07	5000
11	500	9.880365e-01	1.018847e-06	5000
12	500	9.870530e-01	1.272917e-06	5000
13	500	9.860687e-01	1.610916e-06	5000
14	500	9.850835e-01	2.001778e-06	5000
15	500	9.841092e-01	2.432989e-06	5000
16	500	9.831121e-01	2.921063e-06	5000
17	500	9.821170e-01	3.464484e-06	5000
18	500	9.811305e-01	4.121344e-06	5000
19	500	9.801512e-01	4.854334e-06	5000
20	500	9.791980e-01	5.631187e-06	5000
21	500	9.782313e-01	6.476696e-06	5000
22	500	9.772611e-01	7.150260e-06	5000
23	500	9.762792e-01	8.044341e-06	5000
24	500	9.752953e-01	8.985026e-06	5000
25	500	9.743221e-01	1.020687e-05	5000
26	500	9.733456e-01	1.144169e-05	5000
27	500	9.723814e-01	1.247767e-05	5000
28	500	9.714125e-01	1.399372e-05	5000
29	500	9.704615e-01	1.551514e-05	5000
30	500	9.694814e-01	1.749348e-05	5000
31	500	9.685025e-01	1.959021e-05	5000
32	500	9.675376e-01	2.135070e-05	5000
33	500	9.665474e-01	2.343432e-05	5000
34	500	9.655835e-01	2.503751e-05	5000
35	500	9.646259e-01	2.719741e-05	5000
36	500	9.636259e-01	3.007763e-05	5000
37	500	9.626937e-01	3.204668e-05	5000
38	500	9.617040e-01	3.444188e-05	5000
39	500	9.607141e-01	3.701338e-05	5000
40	500	9.597893e-01	3.926441e-05	5000
41	500	9.587998e-01	4.200975e-05	5000
42	500	9.578746e-01	4.404147e-05	5000
43	500	9.569280e-01	4.713312e-05	5000
44	500	9.559747e-01	5.040481e-05	5000
45	500	9.550728e-01	5.440098e-05	5000
46	500	9.540754e-01	5.723693e-05	5000
47	500	9.531747e-01	5.972147e-05	5000
48	500	9.522427e-01	6.377297e-05	5000
49	500	9.513205e-01	6.698578e-05	5000
50	500	9.503912e-01	7.175164e-05	5000
51	500	9.494370e-01	7.571798e-05	5000
52	500	9.484593e-01	8.065443e-05	5000
53	500	9.474708e-01	8.621124e-05	5000
54	500	9.465337e-01	9.055594e-05	5000
55	500	9.455786e-01	9.510981e-05	5000
56	500	9.446689e-01	9.931524e-05	5000
57	500	9.437904e-01	1.032262e-04	5000
58	500	9.428127e-01	1.096689e-04	5000
59	500	9.419432e-01	1.132607e-04	5000
60	500	9.410239e-01	1.176758e-04	5000
61	500	9.400640e-01	1.228356e-04	5000
62	500	9.391169e-01	1.293685e-04	5000
63	500	9.381272e-01	1.370786e-04	5000
64	500	9.372693e-01	1.421781e-04	5000
65	500	9.362672e-01	1.503721e-04	5000
66	500	9.353527e-01	1.551292e-04	5000
67	500	9.345014e-01	1.609915e-04	5000
68	500	9.336132e-01	1.671384e-04	5000
69	500	9.326918e-01	1.717781e-04	5000
70	500	9.317477e-01	1.810787e-04	5000
71	500	9.308373e-01	1.891456e-04	5000
72	500	9.298712e-01	1.979754e-04	5000
73	500	9.288482e-01	2.098805e-04	5000
74	500	9.279096e-01	2.161936e-04	5000
75	500	9.269316e-01	2.263637e-04	5000
76	500	9.259842e-01	2.351788e-04	5000
77	500	9.250787e-01	2.451601e-04	5000
78	500	9.241949e-01	2.534362e-04	5000
79	500	9.232500e-01	2.607035e-04	5000
80	500	9.223309e-01	2.690756e-04	5000
81	500	9.214421e-01	2.756887e-04	5000
82	500	9.204853e-01	2.820121e-04	5000
83	500	9.195499e-01	2.926061e-04	5000
84	500	9.187110e-01	3.016186e-04	5000
85	500	9.178145e-01	3.153349e-04	5000
86	500	9.168734e-01	3.232740e-04	5000
87	500	9.158833e-01	3.351017e-04	5000
88	500	9.149519e-01	3.444374e-04	5000
89	500	9.140687e-01	3.494560e-04	5000
90	500	9.132257e-01	3.544582e-04	5000
91	500	9.123181e-01	3.634433e-04	5000
92	500	9.114309e-01	3.703453e-04	5000
93	500	9.105298e-01	3.841418e-04	5000
94	500	9.096073e-01	3.971310e-04	5000
95	500	9.086554e-01	4.035402e-04	5000
96	500	9.077754e-01	4.152791e-04	5000
97	500	9.069565e-01	4.250349e-04	5000
98	500	9.060610e-01	4.312076e-04	5000
99	500	9.052240e-01	4.445443e-04	5000
100	500	9.042611e-01	4.561573e-04	5000
101	500	9.034373e-01	4.623244e-04	5000
102	500	9.025269e-01	4.730475e-04	5000
103	500	9.015982e-01	4.893176e-04	5000
104	500	9.007220e-01	5.081202e-04	5000
105	500	8.997789e-01	5.213871e-04	5000
106	500	8.988923e-01	5.324865e-04	5000
107	500	8.979884e-01	5.474464e-04	5000
108	500	8.969827e-01	5.702169e-04	5000
109	500	8.961741e-01	5.804870e-04	5000
110	500	8.952070e-01	5.916725e-04	5000
111	500	8.943322e-01	6.033582e-04	5000
112	500	8.934496e-01	6.202571e-04	5000
113	500	8.925113e-01	6.450978e-04	5000
114	500	8.917213e-01	6.564984e-04	5000
115	500	8.908303e-01	6.695882e-04	5000
116	500	8.899591e-01	6.861714e-04	5000
117	500	8.890237e-01	7.110713e-04	5000
118	500	8.881253e-01	7.264013e-04	5000
119	500	8.872647e-01	7.434866e-04	5000
120	500	8.863310e-01	7.680713e-04	5000
121	500	8.853261e-01	7.896130e-04	5000
122	500	8.844676e-01	8.032653e-04	5000
123	500	8.836237e-01	8.105412e-04	5000
124	500	8.827599e-01	8.289584e-04	5000
125	500	8.818278e-01	8.512392e-04	5000
126	500	8.809943e-01	8.629574e-04	5000
127	500	8.800789e-01	8.778282e-04	5000
128	500	8.793329e-01	8.850175e-04	5000
129	500	8.785592e-01	8.951077e-04	5000
130	500	8.776964e-01	9.256031e-04	5000
131	500	8.768695e-01	9.533706e-04	5000
132	500	8.760385e-01	9.790612e-04	5000
133	500	8.752371e-01	9.854614e-04	5000
134	500	8.744513e-01	9.985655e-04	5000
135	500	8.736322e-01	1.023907e-03	5000
136	500	8.727924e-01	1.045792e-03	5000
137	500	8.718038e-01	1.078790e-03	5000
138	500	8.708353e-01	1.096465e-03	5000
139	500	8.700416e-01	1.112917e-03	5000
140	500	8.691341e-01	1.138592e-03	5000
141	500	8.680911e-01	1.171512e-03	5000
142	500	8.673304e-01	1.195205e-03	5000
143	500	8.664960e-01	1.210480e-03	5000
144	500	8.657031e-01	1.221693e-03	5000
145	500	8.647926e-01	1.247480e-03	5000
146	500	8.640150e-01	1.258282e-03	5000
147	500	8.630344e-01	1.293947e-03	5000
148	500	8.621762e-01	1.318929e-03	5000
149	500	8.612160e-01	1.356277e-03	5000
150	500	8.602400e-01	1.379964e-03	5000
151	500	8.593079e-01	1.408347e-03	5000
152	500	8.584505e-01	1.440433e-03	5000
153	500	8.574415e-01	1.460441e-03	5000
154	500	8.566492e-01	1.480450e-03	5000
155	500	8.558037e-01	1.502041e-03	5000
156	500	8.549608e-01	1.541147e-03	5000
157	500	8.541148e-01	1.563575e-03	5000
158	500	8.532505e-01	1.592488e-03	5000
159	500	8.524537e-01	1.624226e-03	5000
160	500	8.515971e-01	1.662458e-03	5000
161	500	8.507455e-01	1.690074e-03	5000
162	500	8.498064e-01	1.729028e-03	5000
163	500	8.488465e-01	1.765118e-03	5000
164	500	8.479967e-01	1.780866e-03	5000
165	500	8.471039e-01	1.802077e-03	5000
166	500	8.460973e-01	1.852053e-03	5000
167	500	8.451771e-01	1.869096e-03	5000
168	500	8.443615e-01	1.888039e-03	5000
169	500	8.434782e-01	1.910950e-03	5000
170	500	8.426914e-01	1.925862e-03	5000
171	500	8.418513e-01	1.948508e-03	5000
172	500	8.411009e-01	1.974489e-03	5000
173	500	8.402286e-01	2.002473e-03	5000
174	500	8.394846e-01	2.045810e-03	5000
175	500	8.386528e-01	2.073885e-03	5000
176	500	8.378128e-01	2.091673e-03	5000
177	500	8.370992e-01	2.102601e-03	5000
178	500	8.363265e-01	2.130285e-03	5000
179	500	8.355980e-01	2.137954e-03	5000
180	500	8.347670e-01	2.171563e-03	5000
181	500	8.339976e-01	2.192274e-03	5000
182	500	8.330604e-01	2.230754e-03	5000
183	500	8.322594e-01	2.257821e-03	5000
184	500	8.313826e-01	2.288915e-03	5000
185	500	8.306543e-01	2.312051e-03	5000
186	500	8.298256e-01	2.365027e-03	5000
187	500	8.289475e-01	2.409253e-03	5000
188	500	8.281695e-01	2.430652e-03	5000
189	500	8.272810e-01	2.471152e-03	5000
190	500	8.264694e-01	2.509899e-03	5000
191	500	8.255623e-01	2.557971e-03	5000
192	500	8.247542e-01	2.601062e-03	5000
193	500	8.239439e-01	2.648089e-03	5000
194	500	8.232532e-01	2.666008e-03	5000
195	500	8.224778e-01	2.699422e-03	5000
196	500	8.217447e-01	2.708695e-03	5000
197	500	8.209633e-01	2.728435e-03	5000
198	500	8.199591e-01	2.790191e-03	5000
199	500	8.191327e-01	2.827465e-03	5000
200	500	8.183588e-01	2.887000e-03	5000
201	500	8.176350e-01	2.906516e-03	5000
202	500	8.169079e-01	2.938388e-03	5000
203	500	8.161595e-01	2.976504e-03	5000
204	500	8.153937e-01	3.047664e-03	5000
205	500	8.145778e-01	3.088931e-03	5000
206	500	8.137042e-01	3.134430e-03	5000
207	500	8.127695e-01	3.178020e-03	5000
208	500	8.118393e-01	3.206256e-03	5000
209	500	8.108977e-01	3.263538e-03	5000
210	500	8.101124e-01	3.299771e-03	5000
211	500	8.093041e-01	3.319338e-03	5000
212	500	8.083537e-01	3.379497e-03	5000
213	500	8.075386e-01	3.396477e-03	5000
214	500	8.067043e-01	3.425172e-03	5000
215	500	8.059465e-01	3.450703e-03	5000
216	500	8.053843e-01	3.475332e-03	5000
217	500	8.045052e-01	3.512698e-03	5000
218	500	8.036730e-01	3.540505e-03	5000
219	500	8.029630e-01	3.593590e-03	5000
220	500	8.022358e-01	3.666577e-03	5000
221	500	8.013864e-01	3.694211e-03	5000
222	500	8.006386e-01	3.722817e-03	5000
223	500	7.997653e-01	3.783669e-03	5000
224	500	7.987192e-01	3.825960e-03	5000
225	500	7.977483e-01	3.859095e-03	5000
226	500	7.969691e-01	3.879235e-03	5000
227	500	7.961229e-01	3.929812e-03	5000
228	500	7.951361e-01	3.973952e-03	5000
229	500	7.943395e-01	4.039577e-03	5000
230	500	7.937197e-01	4.054115e-03	5000
231	500	7.929579e-01	4.052830e-03	5000
232	500	7.923070e-01	4.040869e-03	5000
233	500	7.913752e-01	4.109681e-03	5000
234	500	7.906294e-01	4.155906e-03	5000
235	500	7.896940e-01	4.208285e-03	5000
236	500	7.889721e-01	4.237288e-03	5000
237	500	7.881986e-01	4.297128e-03	5000
238	500	7.872958e-01	4.395114e-03	5000
239	500	7.865070e-01	4.460678e-03	5000
240	500	7.857156e-01	4.517542e-03	5000
241	500	7.850169e-01	4.585369e-03	5000
242	500	7.843073e-01	4.608708e-03	5000
243	500	7.836017e-01	4.641563e-03	5000
244	500	7.827826e-01	4.684133e-03	5000
245	500	7.820437e-01	4.764956e-03	5000
246	500	7.811148e-01	4.818835e-03	5000
247	500	7.803215e-01	4.855582e-03	5000
248	500	7.794454e-01	4.921263e-03	5000
249	500	7.786753e-01	4.987443e-03	5000
250	500	7.778453e-01	5.048755e-03	5000
251	500	7.771374e-01	5.062895e-03	5000
252	500	7.764886e-01	5.096693e-03	5000
253	500	7.754959e-01	5.141198e-03	5000
254	500	7.748373e-01	5.182222e-03	5000
255	500	7.740390e-01	5.208241e-03	5000
256	500	7.733123e-01	5.222980e-03	5000
257	500	7.725019e-01	5.283921e-03	5000
258	500	7.716977e-01	5.364449e-03	5000
259	500	7.711227e-01	5.372948e-03	5000
260	500	7.703491e-01	5.464419e-03	5000
261	500	7.697598e-01	5.475481e-03	5000
262	500	7.689161e-01	5.526067e-03	5000
263	500	7.681904e-01	5.621899e-03	5000
264	500	7.675654e-01	5.622795e-03	5000
265	500	7.667589e-01	5.721379e-03	5000
266	500	7.658836e-01	5.786475e-03	5000
267	500	7.650706e-01	5.868890e-03	5000
268	500	7.640983e-01	5.954905e-03	5000
269	500	7.633586e-01	5.992468e-03	5000
270	500	7.624979e-01	6.040312e-03	5000
271	500	7.616697e-01	6.119561e-03	5000
272	500	7.609163e-01	6.196042e-03	5000
273	500	7.602746e-01	6.195045e-03	5000
274	500	7.594949e-01	6.269937e-03	5000
275	500	7.587307e-01	6.314053e-03	5000
276	500	7.578782e-01	6.398711e-03	5000
277	500	7.570363e-01	6.405705e-03	5000
278	500	7.561489e-01	6.491022e-03	5000
279	500	7.554259e-01	6.555149e-03	5000
280	500	7.546410e-01	6.587649e-03	5000
281	500	7.540066e-01	6.664108e-03	5000
282	500	7.531928e-01	6.725423e-03	5000
283	500	7.523615e-01	6.791143e-03	5000
284	500	7.516255e-01	6.823383e-03	5000
285	500	7.509850e-01	6.857244e-03	5000
286	500	7.502790e-01	6.921889e-03	5000
287	500	7.496430e-01	6.971575e-03	5000
288	500	7.488982e-01	7.030949e-03	5000
289	500	7.481834e-01	7.054103e-03	5000
290	500	7.472808e-01	7.120661e-03	5000
291	500	7.465094e-01	7.128589e-03	5000
292	500	7.457439e-01	7.197775e-03	5000
293	500	7.452508e-01	7.185173e-03	5000
294	500	7.444914e-01	7.259371e-03	5000
295	500	7.436005e-01	7.337591e-03	5000
296	500	7.429633e-01	7.395404e-03	5000
297	500	7.422936e-01	7.403440e-03	5000
298	500	7.416717e-01	7.489273e-03	5000
299	500	7.409310e-01	7.606063e-03	5000
300	500	7.402343e-01	7.668060e-03	5000
301	500	7.394144e-01	7.727056e-03	5000
302	500	7.387067e-01	7.779290e-03	5000
303	500	7.381154e-01	7.799047e-03	5000
304	500	7.373702e-01	7.845111e-03	5000
305	500	7.368294e-01	7.866132e-03	5000
306	500	7.360480e-01	7.907267e-03	5000
307	500	7.352672e-01	7.984649e-03	5000
308	500	7.345194e-01	8.001179e-03	5000
309	500	7.336536e-01	8.061553e-03	5000
310	500	7.329148e-01	8.069941e-03	5000
311	500	7.321193e-01	8.174860e-03	5000
312	500	7.312658e-01	8.272994e-03	5000
313	500	7.304560e-01	8.378465e-03	5000
314	500	7.296081e-01	8.466467e-03	5000
315	500	7.289552e-01	8.493680e-03	5000
316	500	7.282879e-01	8.581875e-03	5000
317	500	7.274222e-01	8.711813e-03	5000
318	500	7.267552e-01	8.762883e-03	5000
319	500	7.262321e-01	8.785713e-03	5000
320	500	7.253485e-01	8.893591e-03	5000
321	500	7.246180e-01	8.970910e-03	5000
322	500	7.237725e-01	9.072708e-03	5000
323	500	7.230651e-01	9.094695e-03	5000
324	500	7.221452e-01	9.195186e-03	5000
325	500	7.214428e-01	9.264735e-03	5000
326	500	7.207852e-01	9.323925e-03	5000
327	500	7.201063e-01	9.349185e-03	5000
328	500	7.192789e-01	9.404417e-03	5000
329	500	7.186969e-01	9.434956e-03	5000
330	500	7.180802e-01	9.472992e-03	5000
331	500	7.173989e-01	9.535294e-03	5000
332	500	7.166214e-01	9.569157e-03	5000
333	500	7.156663e-01	9.628959e-03	5000
334	500	7.150694e-01	9.598168e-03	5000
335	500	7.144401e-01	9.614998e-03	5000
336	500	7.138700e-01	9.655503e-03	5000
337	500	7.129796e-01	9.761842e-03	5000
338	500	7.122502e-01	9.798242e-03	5000
339	500	7.113770e-01	9.904997e-03	5000
340	500	7.107335e-01	9.932588e-03	5000
341	500	7.099319e-01	1.001033e-02	5000
342	500	7.092331e-01	1.009083e-02	5000
343	500	7.082904e-01	1.022927e-02	5000
344	500	7.074924e-01	1.022945e-02	5000
345	500	7.069265e-01	1.028179e-02	5000
346	500	7.061761e-01	1.036737e-02	5000
347	500	7.056827e-01	1.040536e-02	5000
348	500	7.047963e-01	1.051104e-02	5000
349	500	7.041536e-01	1.061811e-02	5000
350	500	7.035974e-01	1.059028e-02	5000
351	500	7.030140e-01	1.061195e-02	5000
352	500	7.022714e-01	1.061354e-02	5000
353	500	7.014748e-01	1.073004e-02	5000
354	500	7.007781e-01	1.079752e-02	5000
355	500	7.001938e-01	1.084777e-02	5000
356	500	6.995373e-01	1.096390e-02	5000
357	500	6.989049e-01	1.099442e-02	5000
358	500	6.981565e-01	1.105476e-02	5000
359	500	6.974442e-01	1.113849e-02	5000
360	500	6.968621e-01	1.115732e-02	5000
361	500	6.961513e-01	1.119811e-02	5000
362	500	6.952626e-01	1.134346e-02	5000
363	500	6.946330e-01	1.135241e-02	5000
364	500	6.941392e-01	1.136714e-02	5000
365	500	6.933829e-01	1.140700e-02	5000
366	500	6.928285e-01	1.141141e-02	5000
367	500	6.920659e-01	1.149055e-02	5000
368	500	6.913785e-01	1.155881e-02	5000
369	500	6.908654e-01	1.151987e-02	5000
370	500	6.901246e-01	1.158870e-02	5000
371	500	6.894135e-01	1.164244e-02	5000
372	500	6.886308e-01	1.177606e-02	5000
373	500	6.881049e-01	1.180723e-02	5000
374	500	6.875202e-01	1.190741e-02	5000
375	500	6.869458e-01	1.187737e-02	5000
376	500	6.862584e-01	1.190143e-02	5000
377	500	6.857115e-01	1.188230e-02	5000
378	500	6.850441e-01	1.194965e-02	5000
379	500	6.841635e-01	1.203387e-02	5000
380	500	6.833385e-01	1.203045e-02	5000
381	500	6.826261e-01	1.207208e-02	5000
382	500	6.821756e-01	1.206635e-02	5000
383	500	6.816958e-01	1.212817e-02	5000
384	500	6.809489e-01	1.220796e-02	5000
385	500	6.802258e-01	1.232497e-02	5000
386	500	6.794314e-01	1.238321e-02	5000
387	500	6.788431e-01	1.244055e-02	5000
388	500	6.782797e-01	1.250033e-02	5000
389	500	6.775177e-01	1.262173e-02	5000
390	500	6.770338e-01	1.267785e-02	5000
391	500	6.765534e-01	1.270630e-02	5000
392	500	6.758826e-01	1.277707e-02	5000
393	500	6.752371e-01	1.286541e-02	5000
394	500	6.744417e-01	1.291573e-02	5000
395	500	6.739552e-01	1.297052e-02	5000
396	500	6.731277e-01	1.307194e-02	5000
397	500	6.721276e-01	1.318398e-02	5000
398	500	6.713548e-01	1.328308e-02	5000
399	500	6.705571e-01	1.334276e-02	5000
400	500	6.700364e-01	1.334345e-02	5000
401	500	6.693189e-01	1.338010e-02	5000
402	500	6.684678e-01	1.344482e-02	5000
403	500	6.679059e-01	1.343041e-02	5000
404	500	6.670552e-01	1.352499e-02	5000
405	500	6.661990e-01	1.357680e-02	5000
406	500	6.653888e-01	1.368873e-02	5000
407	500	6.646572e-01	1.373795e-02	5000
408	500	6.639617e-01	1.382982e-02	5000
409	500	6.634944e-01	1.386798e-02	5000
410	500	6.627752e-01	1.393664e-02	5000
411	500	6.619288e-01	1.408065e-02	5000
412	500	6.611661e-01	1.414799e-02	5000
413	500	6.604842e-01	1.427607e-02	5000
414	500	6.597722e-01	1.438815e-02	5000
415	500	6.593914e-01	1.439799e-02	5000
416	500	6.587459e-01	1.448905e-02	5000
417	500	6.582019e-01	1.453456e-02	5000
418	500	6.575131e-01	1.456489e-02	5000
419	500	6.567679e-01	1.464741e-02	5000
420	500	6.560555e-01	1.472323e-02	5000
421	500	6.552771e-01	1.487078e-02	5000
422	500	6.546986e-01	1.497306e-02	5000
423	500	6.540871e-01	1.505155e-02	5000
424	500	6.533280e-01	1.519681e-02	5000
425	500	6.525640e-01	1.525418e-02	5000
426	500	6.520436e-01	1.527788e-02	5000
427	500	6.512130e-01	1.535929e-02	5000
428	500	6.505794e-01	1.544288e-02	5000
429	500	6.499968e-01	1.549178e-02	5000
430	500	6.492229e-01	1.561612e-02	5000
431	500	6.485816e-01	1.557191e-02	5000
432	500	6.477993e-01	1.566980e-02	5000
433	500	6.470633e-01	1.566512e-02	5000
434	500	6.465878e-01	1.559792e-02	5000
435	500	6.457971e-01	1.567397e-02	5000
436	500	6.451890e-01	1.580352e-02	5000
437	500	6.446443e-01	1.578185e-02	5000
438	500	6.439436e-01	1.587239e-02	5000
439	500	6.431476e-01	1.592284e-02	5000
440	500	6.424722e-01	1.601592e-02	5000
441	500	6.418906e-01	1.609237e-02	5000
442	500	6.412575e-01	1.617781e-02	5000
443	500	6.405976e-01	1.624690e-02	5000
444	500	6.399671e-01	1.628327e-02	5000
445	500	6.396277e-01	1.630648e-02	5000
446	500	6.387816e-01	1.641476e-02	5000
447	500	6.383235e-01	1.646591e-02	5000
448	500	6.374554e-01	1.654272e-02	5000
449	500	6.367920e-01	1.667149e-02	5000
450	500	6.359501e-01	1.666725e-02	5000
451	500	6.352302e-01	1.668578e-02	5000
452	500	6.345027e-01	1.680682e-02	5000
453	500	6.342557e-01	1.685891e-02	5000
454	500	6.335053e-01	1.691260e-02	5000
455	500	6.326533e-01	1.694107e-02	5000
456	500	6.320680e-01	1.700448e-02	5000
457	500	6.312704e-01	1.705327e-02	5000
458	500	6.306748e-01	1.708038e-02	5000
459	500	6.301088e-01	1.716518e-02	5000
460	500	6.293357e-01	1.726980e-02	5000
461	500	6.287672e-01	1.731748e-02	5000
462	500	6.281785e-01	1.738849e-02	5000
463	500	6.275422e-01	1.741390e-02	5000
464	500	6.271722e-01	1.742522e-02	5000
465	500	6.267174e-01	1.745562e-02	5000
466	500	6.261444e-01	1.749690e-02	5000
467	500	6.254197e-01	1.758388e-02	5000
468	500	6.250688e-01	1.756073e-02	5000
469	500	6.244584e-01	1.760815e-02	5000
470	500	6.237173e-01	1.763799e-02	5000
471	500	6.230414e-01	1.771628e-02	5000
472	500	6.227180e-01	1.768457e-02	5000
473	500	6.221801e-01	1.770377e-02	5000
474	500	6.214713e-01	1.776662e-02	5000
475	500	6.209957e-01	1.779505e-02	5000
476	500	6.200498e-01	1.783095e-02	5000
477	500	6.191955e-01	1.794231e-02	5000
478	500	6.188236e-01	1.800080e-02	5000
479	500	6.184139e-01	1.799969e-02	5000
480	500	6.182564e-01	1.799386e-02	5000
481	500	6.174406e-01	1.804254e-02	5000
482	500	6.168054e-01	1.811223e-02	5000
483	500	6.161120e-01	1.824414e-02	5000
484	500	6.155801e-01	1.838110e-02	5000
485	500	6.149261e-01	1.844259e-02	5000
486	500	6.142313e-01	1.856276e-02	5000
487	500	6.136380e-01	1.859186e-02	5000
488	500	6.130343e-01	1.864869e-02	5000
489	500	6.124634e-01	1.877345e-02	5000
490	500	6.119078e-01	1.884146e-02	5000
491	500	6.112205e-01	1.896725e-02	5000
492	500	6.107521e-01	1.895650e-02	5000
493	500	6.101751e-01	1.898913e-02	5000
494	500	6.096581e-01	1.898453e-02	5000
495	500	6.091670e-01	1.897125e-02	5000
496	500	6.086480e-01	1.904668e-02	5000
497	500	6.079575e-01	1.919643e-02	5000
498	500	6.071978e-01	1.925917e-02	5000
499	500	6.062604e-01	1.932722e-02	5000
500	500	6.055414e-01	1.940891e-02	5000